x_cat	y_cat	est_x	est_y
9.86457  44.0959  -2.00124  -13.7437
9.86457  44.0959  -2.00094  -13.7431
9.86457  44.0959  -2.00266  -13.7407
9.86457  44.0959  -2.00562  -13.7382
9.86457  44.0959  -2.0126  -13.7332
9.86457  44.0959  -2.02548  -13.7303
9.86457  44.0959  -2.04102  -13.727
9.86457  44.0959  -2.0593  -13.7258
9.86457  44.0959  -2.06862  -13.7121
9.86457  44.0959  -2.09324  -13.7181
9.86457  44.0959  -2.11379  -13.7141
9.86457  44.0959  -2.11654  -13.6958
9.86457  44.0959  -2.12031  -13.688
9.86457  44.0959  -2.11572  -13.6726
9.86457  44.0959  -2.11337  -13.6653
9.86457  44.0959  -2.10895  -13.6658
9.86457  44.0959  -2.10853  -13.6705
9.86457  44.0959  -2.09721  -13.6663
9.86457  44.0959  -2.08786  -13.6659
9.86457  44.0959  -2.08281  -13.6653
9.86457  44.0959  -2.07407  -13.6552
9.86457  44.0959  -2.07169  -13.6441
9.86457  44.0959  -2.10262  -13.6513
9.86457  44.0959  -2.13919  -13.6571
9.86457  44.0959  -2.1802  -13.6612
9.86457  44.0959  -2.21781  -13.6642
9.86457  44.0959  -2.25989  -13.667
9.86457  44.0959  -2.29625  -13.6656
9.86457  44.0959  -2.32628  -13.6655
9.86457  44.0959  -2.36466  -13.67
9.86457  44.0959  -2.38039  -13.6703
9.86457  44.0959  -2.37761  -13.6697
9.86457  44.0959  -2.37136  -13.671
9.86457  44.0959  -2.39038  -13.6918
9.86457  44.0959  -2.42655  -13.7282
9.86457  44.0959  -2.45122  -13.7553
9.86457  44.0959  -2.46879  -13.7782
9.86457  44.0959  -2.50206  -13.7935
9.86457  44.0959  -2.54951  -13.8046
9.86457  44.0959  -2.61094  -13.8269
9.86457  44.0959  -2.6704  -13.847
9.86457  44.0959  -2.72954  -13.866
9.86457  44.0959  -2.78226  -13.8867
9.86457  44.0959  -2.83126  -13.9082
9.86457  44.0959  -2.85522  -13.9181
9.86457  44.0959  -2.90519  -13.9459
9.86457  44.0959  -2.94883  -13.9746
9.86457  44.0959  -2.99205  -14.0114
9.86457  44.0959  -3.04143  -14.0582
9.86457  44.0959  -3.10368  -14.0995
9.86457  44.0959  -3.16835  -14.1325
9.86457  44.0959  -3.24317  -14.1686
9.86457  44.0959  -3.29666  -14.2012
9.86457  44.0959  -3.3671  -14.2395
9.86457  44.0959  -3.44408  -14.2783
9.86457  44.0959  -3.52375  -14.3176
9.86457  44.0959  -3.59997  -14.3536
9.86457  44.0959  -3.66545  -14.3867
9.86457  44.0959  -3.74286  -14.4249
9.86457  44.0959  -3.81369  -14.4723
9.86457  44.0959  -3.869  -14.5206
9.86457  44.0959  -3.92656  -14.5726
9.86457  44.0959  -3.98875  -14.6296
9.86457  44.0959  -4.04581  -14.6826
9.86457  44.0959  -4.10515  -14.7363
9.86457  44.0959  -4.16644  -14.7876
9.86457  44.0959  -4.23448  -14.8347
9.86457  44.0959  -4.3302  -14.8851
9.86457  44.0959  -4.4374  -14.9413
9.86457  44.0959  -4.54851  -14.9984
9.86457  44.0959  -4.65172  -15.0556
9.86457  44.0959  -4.74992  -15.119
9.86457  44.0959  -4.848  -15.1894
9.86457  44.0959  -4.93486  -15.2601
9.86457  44.0959  -5.01416  -15.3314
9.86457  44.0959  -5.09155  -15.4022
9.86457  44.0959  -5.16149  -15.4678
9.86457  44.0959  -5.2315  -15.5289
9.86457  44.0959  -5.2961  -15.5869
9.86457  44.0959  -5.35638  -15.6404
9.86457  44.0959  -5.43055  -15.6941
9.86457  44.0959  -5.51589  -15.7524
9.86457  44.0959  -5.58759  -15.7897
9.86457  44.0959  -5.65735  -15.8442
9.86457  44.0959  -5.73897  -15.904
9.86457  44.0959  -5.79494  -15.9501
9.86457  44.0959  -5.86013  -15.9903
9.86457  44.0959  -5.94675  -16.0566
9.86457  44.0959  -6.00583  -16.1143
9.86457  44.0959  -6.09562  -16.1793
9.86457  44.0959  -6.17387  -16.2437
9.86457  44.0959  -6.23815  -16.2999
9.86457  44.0959  -6.30791  -16.36
9.86457  44.0959  -6.38983  -16.4186
9.86457  44.0959  -6.47552  -16.4672
9.86457  44.0959  -6.56135  -16.5102
9.86457  44.0959  -6.65466  -16.558
9.86457  44.0959  -6.73405  -16.605
9.86457  44.0959  -6.82043  -16.6574
9.86457  44.0959  -6.89391  -16.7066
9.86457  44.0959  -6.97566  -16.7706
9.86457  44.0959  -7.02733  -16.8339
9.86457  44.0959  -7.06697  -16.8806
9.86457  44.0959  -7.12181  -16.9566
9.86457  44.0959  -7.14728  -17.0178
9.86457  44.0959  -7.1773  -17.0715
9.86457  44.0959  -7.21791  -17.1248
9.86457  44.0959  -7.26234  -17.1733
9.86457  44.0959  -7.32669  -17.2298
9.86457  44.0959  -7.41256  -17.2844
9.86457  44.0959  -7.50695  -17.3404
9.86457  44.0959  -7.60117  -17.386
9.86457  44.0959  -7.67684  -17.4148
9.86457  44.0959  -7.74762  -17.4479
9.86457  44.0959  -7.82287  -17.4937
9.86457  44.0959  -7.91799  -17.542
9.86457  44.0959  -8.01248  -17.5914
9.86457  44.0959  -8.08779  -17.6529
9.86457  44.0959  -8.13926  -17.7169
9.86457  44.0959  -8.18175  -17.7743
9.86457  44.0959  -8.25679  -17.8428
9.86457  44.0959  -8.28079  -17.9007
9.86457  44.0959  -8.34574  -17.9637
9.86457  44.0959  -8.39197  -18.0228
9.86457  44.0959  -8.41852  -18.0692
9.86457  44.0959  -8.48294  -18.1166
9.86457  44.0959  -8.55711  -18.1499
9.86457  44.0959  -8.65935  -18.1855
9.86457  44.0959  -8.71488  -18.2129
9.86457  44.0959  -8.84101  -18.26
9.86457  44.0959  -8.90059  -18.298
9.86457  44.0959  -8.97153  -18.3551
9.86457  44.0959  -9.03002  -18.4122
9.86457  44.0959  -9.06936  -18.4566
9.86457  44.0959  -9.09474  -18.5161
9.86457  44.0959  -9.11629  -18.5665
9.86457  44.0959  -9.12866  -18.6315
9.86457  44.0959  -9.14022  -18.6852
9.86457  44.0959  -9.15586  -18.7481
9.86457  44.0959  -9.17215  -18.8139
9.86457  44.0959  -9.18853  -18.8701
9.86457  44.0959  -9.20618  -18.9339
9.86457  44.0959  -9.23525  -19.0012
9.86457  44.0959  -9.2504  -19.0514
9.86457  44.0959  -9.25843  -19.0858
9.86457  44.0959  -9.28244  -19.1198
9.86457  44.0959  -9.29778  -19.1513
9.86457  44.0959  -9.32163  -19.1943
9.86457  44.0959  -9.33937  -19.2464
9.86457  44.0959  -9.35089  -19.2935
9.86457  44.0959  -9.353  -19.3336
9.86457  44.0959  -9.34215  -19.3822
9.86457  44.0959  -9.33634  -19.4295
9.86457  44.0959  -9.33073  -19.4746
9.86457  44.0959  -9.35273  -19.5228
9.86457  44.0959  -9.38005  -19.5627
9.86457  44.0959  -9.40407  -19.597
9.86457  44.0959  -9.42047  -19.6335
9.86457  44.0959  -9.42765  -19.6554
9.86457  44.0959  -9.46162  -19.6726
9.86457  44.0959  -9.50326  -19.693
9.86457  44.0959  -9.52263  -19.7169
9.86457  44.0959  -9.55705  -19.727
9.86457  44.0959  -9.59301  -19.738
9.86457  44.0959  -9.61712  -19.7304
9.86457  44.0959  -9.64948  -19.7218
9.86457  44.0959  -9.70068  -19.7325
9.86457  44.0959  -9.77676  -19.7385
9.86457  44.0959  -9.79175  -19.7216
9.86457  44.0959  -9.80809  -19.7008
9.86457  44.0959  -9.83307  -19.6794
9.86457  44.0959  -9.83948  -19.6562
9.86457  44.0959  -9.89649  -19.6558
9.86457  44.0959  -9.95895  -19.6626
9.86457  44.0959  -10.0194  -19.6673
9.86456  44.0959  -10.0671  -19.6726
9.86456  44.0959  -10.1295  -19.6773
9.86456  44.0959  -10.1539  -19.6467
9.86456  44.0959  -10.2206  -19.6448
9.86456  44.0959  -10.2902  -19.6331
9.86456  44.0959  -10.3593  -19.6203
9.86456  44.0959  -10.4213  -19.5987
9.86456  44.0959  -10.4434  -19.5484
9.86456  44.0959  -10.5069  -19.5177
9.86456  44.0959  -10.5168  -19.4834
9.86456  44.0959  -10.5491  -19.4418
9.86456  44.0959  -10.581  -19.4059
9.86456  44.0959  -10.5964  -19.3723
9.86456  44.0959  -10.6597  -19.342
9.86456  44.0959  -10.714  -19.3023
9.86456  44.0959  -10.7521  -19.2627
9.86456  44.0959  -10.8298  -19.2184
9.86456  44.0959  -10.8635  -19.1733
9.86456  44.0959  -10.9173  -19.1383
9.86456  44.0959  -10.9773  -19.1017
9.86456  44.0959  -11.0113  -19.0756
9.86456  44.0959  -11.0239  -19.0468
9.86456  44.0959  -11.0736  -19.0219
9.86455  44.0959  -11.126  -19.0004
9.86455  44.0959  -11.13  -18.9881
9.86455  44.0959  -11.1333  -18.9779
9.86455  44.0959  -11.1456  -18.9655
9.86455  44.0959  -11.1625  -18.9579
9.86455  44.0959  -11.1956  -18.9481
9.86455  44.0959  -11.2847  -18.9673
9.86455  44.0959  -11.376  -18.9802
9.86455  44.0959  -11.4388  -18.9808
9.86455  44.0959  -11.4692  -18.9548
9.86455  44.0959  -11.5286  -18.9313
9.86455  44.0959  -11.6164  -18.9208
9.86455  44.0959  -11.7159  -18.931
9.86455  44.0959  -11.7995  -18.9222
9.86455  44.0959  -11.8788  -18.9166
9.86455  44.0959  -11.9465  -18.9123
9.86455  44.0959  -12.0188  -18.9276
9.86455  44.0959  -12.0556  -18.9332
9.86455  44.0959  -12.0384  -18.9286
9.86454  44.0959  -12.0077  -18.931
9.86454  44.0959  -11.9995  -18.9714
9.86454  44.0959  -11.9436  -18.9818
9.86454  44.0959  -11.9734  -19.0422
9.86454  44.0959  -11.9877  -19.0473
9.86454  44.0959  -12.0205  -19.0398
9.86454  44.0959  -12.0564  -19.0179
9.86454  44.0959  -12.0832  -18.9842
9.86454  44.0959  -12.1214  -18.9426
9.86454  44.0959  -12.1718  -18.8895
9.86454  44.0959  -12.2485  -18.8343
9.86454  44.0959  -12.3692  -18.7821
9.86454  44.0959  -12.5092  -18.7392
9.86454  44.0959  -12.5932  -18.6719
9.86454  44.0959  -12.6887  -18.5952
9.86454  44.0959  -12.844  -18.5465
9.86454  44.0959  -12.9619  -18.4936
9.86454  44.0959  -13.0069  -18.4258
9.86453  44.0959  -13.0389  -18.3675
9.86453  44.0959  -13.0638  -18.3151
9.86453  44.0959  -13.0819  -18.2672
9.86453  44.0959  -13.171  -18.2707
9.86453  44.0959  -13.2336  -18.2543
9.86453  44.0959  -13.2659  -18.2271
9.86453  44.0959  -13.2878  -18.2069
9.86453  44.0959  -13.3005  -18.1928
9.86453  44.0959  -13.3053  -18.1842
