w
2.41792
2.39992
2.38101
2.36126
2.34074
2.31953
2.29771
2.27534
2.27385
2.27233
2.27079
2.27409
2.27742
2.28077
2.28414
2.28751
2.29088
2.29424
2.29759
2.30092
2.30423
2.3075
2.31075
2.31396
2.31712
2.32025
2.32332
2.32635
2.32933
2.33225
2.33513
2.33794
2.3407
2.34341
2.34605
2.34864
2.35117
2.35364
2.35606
2.35841
2.36071
2.36296
2.39714
2.43541
2.47269
2.50899
2.54433
2.54328
2.54225
2.54126
2.54029
2.53935
2.53844
2.53755
2.53668
2.53585
2.53503
2.53424
2.53347
2.53272
2.58318
2.63216
2.67969
2.72582
2.77059
2.81402
2.85426
2.89151
2.92764
2.96269
2.99669
3.01974
3.03063
3.03989
3.0481
3.05733
3.07155
3.08533
3.0987
3.11165
3.12697
3.14181
3.15619
3.17311
3.18603
3.1772
3.16865
3.17833
3.18811
3.19758
3.19927
3.20729
3.2146
3.21362
3.2206
3.22684
3.23012
3.23456
3.23747
3.22545
3.22575
3.23003
3.22626
3.22761
3.23498
3.23171
3.22747
3.2293
3.23094
3.23033
3.233
3.22912
3.22775
3.2037
3.17368
3.16993
3.1678
3.16726
3.16645
3.16648
3.15603
3.15521
3.13977
3.13932
3.13788
3.13576
3.11638
3.11088
3.08982
3.08757
3.06318
3.04247
3.04246
3.01678
3.02173
2.9983
3.00378
2.98034
2.97599
2.97389
2.95148
2.93974
2.94694
2.95957
2.94487
2.92642
2.91041
2.91931
2.93176
2.94027
2.94795
2.93818
2.94488
2.96013
2.95934
2.95813
2.96938
2.97948
2.98928
2.99805
2.99546
3.00245
3.00922
2.99091
2.97363
2.95567
2.94871
2.95799
2.94744
2.94911
2.94903
2.93881
2.95361
2.96616
2.97822
2.98891
2.99944
2.96948
2.96282
2.95637
2.95059
2.9461
2.93786
2.92329
2.91472
2.91499
2.91498
2.90811
2.89804
2.87528
2.87598
2.84427
2.83819
2.8323
2.81109
2.79054
2.77063
2.74042
2.71541
2.69117
2.66769
2.64494
2.64484
2.64474
2.65765
2.66949
2.69311
2.68986
2.66821
2.67806
2.68862
2.69885
2.70877
2.71837
2.72654
2.73352
2.74028
2.74682
2.75317
2.75931
2.76526
2.75069
2.73657
2.71669
2.69742
2.67876
2.67934
2.66352
2.67135
2.69589
2.71966
2.74269
2.74758
2.75231
2.7569
2.76135
2.76565
2.76982
2.77387
2.78369
2.7932
2.80242
2.81135
2.82
