l
2.5104
2.49122
2.47108
2.45004
2.42818
2.40559
2.38235
2.35852
2.37392
2.38959
2.40548
2.42427
2.44322
2.46229
2.48143
2.5006
2.51977
2.5389
2.55795
2.57689
2.59569
2.61433
2.63278
2.65102
2.66903
2.68679
2.70429
2.72151
2.73845
2.75509
2.77142
2.78744
2.80314
2.81852
2.83357
2.84829
2.86268
2.87674
2.89047
2.90388
2.91696
2.92971
2.98331
3.04346
3.10206
3.15913
3.21468
3.21303
3.21142
3.20986
3.20834
3.20686
3.20542
3.20402
3.20267
3.20135
3.20007
3.19882
3.19762
3.19644
3.26843
3.33831
3.40613
3.47195
3.53582
3.59779
3.65298
3.72655
3.79792
3.86715
3.93429
3.96497
3.99147
4.01362
4.02829
4.043
4.06261
4.08163
4.10006
4.11793
4.13951
4.15698
4.17393
4.20333
4.2321
4.23039
4.22873
4.24563
4.26433
4.28245
4.29124
4.30532
4.32348
4.33574
4.37847
4.41963
4.44867
4.49245
4.52071
4.53798
4.55825
4.58475
4.63332
4.64979
4.66489
4.71426
4.76836
4.80043
4.85256
4.89484
4.92528
4.96477
4.98975
5.01886
5.05504
5.03224
5.03037
5.09539
5.13732
5.12396
5.1166
5.12024
5.10827
5.11747
5.1473
5.18806
5.21736
5.19535
5.20939
5.19009
5.19307
5.19112
5.18837
5.16252
5.19521
5.17045
5.19524
5.17061
5.16373
5.16468
5.1603
5.13846
5.12726
5.15287
5.13329
5.1203
5.10724
5.12881
5.16018
5.14736
5.14598
5.14859
5.14553
5.16308
5.15702
5.15131
5.12814
5.11728
5.10675
5.08128
5.07663
5.09412
5.11106
5.08926
5.06357
5.03989
5.01024
5.04618
5.02493
5.03011
5.03114
5.00505
5.02945
5.04899
5.06792
5.08134
5.0893
5.01608
4.9922
4.96906
4.95063
4.9569
4.95166
4.9328
4.90096
4.90195
4.90192
4.86004
4.84258
4.78044
4.78238
4.72738
4.69585
4.66531
4.60961
4.55564
4.50336
4.45831
4.41241
4.36794
4.32486
4.28311
4.25778
4.23323
4.23668
4.24027
4.25935
4.24158
4.20826
4.2147
4.22055
4.22621
4.2317
4.23702
4.23713
4.23847
4.23977
4.24103
4.24225
4.24344
4.24459
4.21641
4.18911
4.15779
4.12745
4.09805
4.09897
4.06326
4.07319
4.09597
4.11804
4.13942
4.14475
4.14991
4.15491
4.15975
4.16444
4.16899
4.17339
4.17247
4.17158
4.17071
4.16987
4.16906
